tree
version=v4
num_class=1
num_tree_per_iteration=1
label_index=0
max_feature_idx=14
objective=regression
feature_names=Column_0 Column_1 Column_2 Column_3 Column_4 Column_5 Column_6 Column_7 Column_8 Column_9 Column_10 Column_11 Column_12 Column_13 Column_14
feature_infos=[-3:3] [-3:3] [-3:3] [-0.67470031976699829:3] [-1.4654877185821533:3] [-3:3] [-1.5399731397628784:3] [-1.1115791797637939:1.1241512298583984] [-3:3] [-3:3] [0:3] [-3:3] [0:3] [-3:0.67449074983596802] [-1.4155995845794678:3]
tree_sizes=3028 2958 2259 2949 2977 2993 2983

Tree=0
num_leaves=31
num_cat=0
split_feature=5 13 13 4 7 4 4 5 14 5 4 0 3 13 5 9 3 14 0 9 5 3 14 9 5 7 10 7 13 3
split_gain=0.0567083 0.049522 0.0408584 0.0399257 0.121018 0.115708 0.0951057 0.0372939 0.0424394 0.0361582 0.02781 0.0276797 0.0275288 0.0263253 0.0243036 0.0223692 0.0207195 0.018965 0.0180495 0.0158403 0.0151527 0.0146504 0.0143626 0.0219164 0.0192561 0.0138753 0.0121937 0.0183836 0.0130525 0.0228682
threshold=1.5664528012275698 0.19993011653423312 -1.7071816325187681 -1.0000000180025095e-35 -0.53424936532974232 2.99946141242981 1.0000000180025095e-35 -0.40679936110973353 0.026164322160184387 -0.43444196879863733 1.2400761842727663 -0.32323750853538508 -0.6743260622024535 0.18982607126235965 -0.82639244198799122 1.0000000180025095e-35 -0.39915835857391352 0.38552959263324743 0.85769855976104747 1.0000000180025095e-35 -1.4540975689887998 0.50025567412376415 -0.16826807707548139 -1.0000000180025095e-35 -0.83556032180786122 -0.5462416112422942 1.0000000180025095e-35 0.11838043481111528 0.44284287095069891 -0.67458099126815785
decision_type=2 2 2 2 2 2 2 2 2 2 2 2 2 2 2 2 2 2 2 2 2 2 2 2 2 2 2 2 2 2
left_child=3 2 17 9 5 11 -6 13 -9 22 -3 20 18 -8 -13 16 -7 -2 -4 21 -5 -14 -1 25 -25 -24 28 -28 29 -11
right_child=1 10 12 4 6 15 7 8 -10 26 -12 14 19 -15 -16 -17 -18 -19 -20 -21 -22 -23 23 24 -26 -27 27 -29 -30 -31
leaf_value=-0.00027280380786907688 -0.00021259325681011982 -0.00020385129595573752 0.0022810764893380691 -0.0006630268948040781 -0.0021337059322394237 1.277200407718128e-05 0.00021847755419794894 -0.00023284617383453502 -0.00073750073455285461 -0.0010979299517623817 -0.0016144186869776497 0.00034829762233229352 0.00029022900641358394 -0.00049809479389363381 -0.00024524761807301023 0.0026111443449440635 0.0016289317451860545 -0.0019358876699693123 0.00066782104945549295 -0.00020247870673851352 -0.00020453978118835793 0.0010103886421185644 0.00015076414364165148 -0.0014263913410326454 -0.00054795312580986253 -0.0010907930733489576 0.00087584084836991286 -9.2268883873694807e-05 -0.0002516003754877978 -1.5237632494010566e-05
leaf_weight=763 55 169 37 264 95 38 260 572 1638 49 43 377 218 249 303 33 53 21 46 95 540 122 105 108 174 28 82 140 1072 2139
leaf_count=763 55 169 37 264 95 38 260 572 1638 49 43 377 218 249 303 33 53 21 46 95 540 122 105 108 174 28 82 140 1072 2139
internal_value=-0.00023283 0.000169098 0.00040441 -0.000268501 -0.000376298 -3.12563e-05 -0.000574354 -0.000518918 -0.000608018 -0.000166746 -0.000478426 -0.000155652 0.000564946 -0.000136968 8.01632e-05 0.0014367 0.000982015 -0.0006567 0.00141817 0.00039623 -0.000351996 0.000556136 -0.000405219 -0.000642614 -0.000893392 -0.00012963 -8.53488e-05 0.000276749 -0.000110781 -4.06462e-05
internal_weight=9888 806 594 9082 4422 1608 2814 2719 2210 4660 212 1484 518 509 680 124 91 76 83 435 804 340 1178 415 282 133 3482 222 3260 2188
internal_count=9888 806 594 9082 4422 1608 2814 2719 2210 4660 212 1484 518 509 680 124 91 76 83 435 804 340 1178 415 282 133 3482 222 3260 2188
is_linear=0
shrinkage=1


Tree=1
num_leaves=31
num_cat=0
split_feature=1 5 4 4 5 13 4 4 13 5 0 14 4 4 14 14 9 9 14 8 4 3 9 6 13 6 14 7 6 14
split_gain=0.104997 0.0566022 0.0540491 0.0989211 0.0860288 0.044763 0.0420063 0.0394606 0.0369005 0.0327217 0.0279196 0.0254882 0.0251248 0.021412 0.0171603 0.0131355 0.0203579 0.0111263 0.0187899 0.00958927 0.00935607 0.00931227 0.00699677 0.0157758 0.00675588 0.00556941 0.00328481 0.00469699 0.00321181 0.00169729
threshold=-2.9991348981857295 1.5664528012275698 -1.0000000180025095e-35 1.0000000180025095e-35 -0.42663897573947901 0.19993011653423312 0.94085451960563671 2.99946141242981 -1.7071816325187681 -0.44209134578704828 -0.29548272490501398 -0.38899134099483484 1.2400761842727663 0.71244713664054882 0.38552959263324743 -0.16826807707548139 -1.0000000180025095e-35 1.0000000180025095e-35 -0.64822950959205616 1.0000000180025095e-35 -0.19961813837289807 -0.5497446060180663 1.0000000180025095e-35 1.1994026303291323 -0.45872901380062098 0.10701898112893106 -0.90611511468887318 0.92810630798339855 1.0681478977203371 -1.0096023082733152
decision_type=2 2 2 2 2 2 2 2 2 2 2 2 2 2 2 2 2 2 2 2 2 2 2 2 2 2 2 2 2 2
left_child=7 2 9 -4 10 8 -6 -1 14 15 -5 24 26 -13 19 20 -17 18 -11 -3 -2 -19 23 25 -10 -9 29 -28 -14 -7
right_child=1 5 3 4 6 12 -8 22 11 17 -12 13 28 -15 -16 16 -18 21 -20 -21 -22 -23 -24 -25 -26 -27 27 -29 -30 -31
leaf_value=0 -0.00011367015525376181 -0.0004718338968528156 -0.0017718202026647809 -8.6348234365338111e-05 -0.00018234218780495461 0 -0.00062224179825088851 0.0015232163140324129 0.00050318629715397892 3.5612038381098732e-05 0.00030350429021487949 0.0017232388166157021 -0.00071161739647372299 0.00076565729920050095 -0.0016181074430161727 0.00010422829797776808 -0.00063871659293909203 0.00030591398837859912 0.00030526747511676989 0.00086859286173569914 0.00039107461747899344 -0.0001076150439122443 0.002879071341920442 0.0027620609052208555 -9.0821046586378286e-05 0.00024984861138752925 0.00025326932633188461 -0.00041117426502364956 -0.0018755218292603342 0.00056485757783873128
leaf_weight=33 642 33 96 892 1507 30 870 26 129 1168 931 88 23 235 21 130 278 171 1512 22 106 653 23 23 66 21 41 64 20 34
leaf_count=33 642 33 96 892 1507 30 870 26 129 1168 931 88 23 235 21 130 278 171 1512 22 106 653 23 23 66 21 41 64 20 34
internal_value=0 -1.84752e-05 -5.48385e-05 -0.000182915 -0.000145981 0.000382458 -0.00034441 0.00143388 0.000606234 6.26981e-05 0.00011138 0.000758877 -0.000232743 0.00103451 -0.000401089 -0.00016699 -0.000395883 0.000139189 0.000188682 1.92255e-05 -3.87788e-05 -1.87506e-05 0.00196096 0.00162176 0.000289349 0.00100827 2.75298e-05 -0.00012793 -0.00131259 0.000321513
internal_weight=9888 9762 8956 4296 4200 806 2377 126 594 4660 1823 518 212 323 76 1156 408 3504 2680 55 748 824 93 70 195 47 169 105 43 64
internal_count=9888 9762 8956 4296 4200 806 2377 126 594 4660 1823 518 212 323 76 1156 408 3504 2680 55 748 824 93 70 195 47 169 105 43 64
is_linear=0
shrinkage=0.05


Tree=2
num_leaves=24
num_cat=0
split_feature=1 5 5 1 14 3 1 5 9 6 6 14 14 14 0 14 0 1 0 5 9 5 0
split_gain=0.0950936 0.0510676 0.0428191 0.0432485 0.0343046 0.0391538 0.0247046 0.0326949 0.0312876 0.0202027 0.0253401 0.0200856 0.0435433 0.0187413 0.0171398 0.0134588 0.0104825 0.0078848 0.0107576 0.00745863 0.00731022 0.0090297 0.00409456
threshold=-2.9991348981857295 1.5664528012275698 -2.4372235536575313 1.5105958580970766 1.5607388615608218 -0.6743260622024535 -1.6388539075851438 -1.6606776118278501 1.0000000180025095e-35 0.047445297241210944 1.1994026303291323 1.7118610143661501 0.97330242395401012 -0.0089853191748261434 0.89343306422233593 2.9857059717178349 -2.2401934862136836 1.861047148704529 1.0615647435188296 0.060606725513935096 1.0000000180025095e-35 1.7732234597206118 0.51501432061195385
decision_type=2 2 2 2 2 2 2 2 2 2 2 2 2 2 2 2 2 2 2 2 2 2 2
left_child=9 2 16 6 5 13 7 -4 -8 -1 -11 12 -5 -3 -15 -12 -2 -6 -19 -13 21 -7 -22
right_child=1 4 3 11 17 20 8 -9 -10 10 15 19 -14 14 -16 -17 -18 18 -20 -21 22 -23 -24
leaf_value=0.0024313879159801296 -9.2312992733910193e-05 0.00054410817188052193 -0.00023669110641768784 -0.0004620256183907972 0 0.00081281056042266017 1.6333774552335231e-05 0.00052232176018707482 -0.00021663757047366301 0 0.00060857113401391967 -0.00010621650231587787 0.001693609914744269 0.0032776014901467567 0.0011836900670127862 0.0023913382883576383 -0.0015643566476644805 -0.00022240642317234964 -0.0019789181695554284 -0.0012015364092313047 0.00026758753639508336 0.00028789019869398245 -0.00028497062284741932
leaf_weight=35 20 39 203 299 26 115 5865 445 1904 38 24 24 25 21 29 29 58 22 20 113 68 400 66
leaf_count=35 20 39 203 299 26 115 5865 445 1904 38 24 24 25 21 29 29 58 22 20 113 68 400 66
internal_value=0 -1.75452e-05 -5.20972e-05 -4.15545e-05 0.000363263 0.00046433 -1.542e-05 0.000280687 -4.04413e-05 0.00136462 0.000925758 -0.000513246 -0.000287745 0.00145567 0.00211548 0.00163251 -0.00121924 -0.000696404 -0.00111965 -0.00102801 0.00032443 0.000410027 0
internal_weight=9888 9762 8956 8878 806 738 8417 648 7769 126 91 461 324 89 50 53 78 68 42 137 649 515 134
internal_count=9888 9762 8956 8878 806 738 8417 648 7769 126 91 461 324 89 50 53 78 68 42 137 649 515 134
is_linear=0
shrinkage=0.05


Tree=3
num_leaves=31
num_cat=0
split_feature=1 5 4 4 5 14 3 4 13 4 5 4 4 14 13 10 1 2 5 5 14 2 5 9 0 7 5 7 0 1
split_gain=0.0859755 0.0471332 0.0457004 0.0843485 0.0806781 0.0392216 0.0412935 0.0372764 0.0349599 0.0343521 0.0275593 0.0265107 0.0199536 0.0167669 0.0157959 0.0130206 0.016646 0.0143482 0.0123309 0.0209363 0.0117953 0.0198706 0.00907352 0.00621687 0.00738749 0.00584507 0.00251021 0.00232252 0.00220135 0.00195831
threshold=-2.9991348981857295 1.3572941422462466 -1.0000000180025095e-35 1.0000000180025095e-35 -0.028806926682591435 1.7118610143661501 -0.67429617047309864 0.46736259758472448 -1.6642934679985044 2.99946141242981 -0.44209134578704828 1.34646213054657 1.2400761842727663 0.38552959263324743 -1.0468050837516782 1.0000000180025095e-35 0.097489714622497572 9.8221775260753943e-05 1.7732234597206118 2.4055908918380742 -0.16826807707548139 1.132132947444916 -1.3565177917480467 1.0000000180025095e-35 -1.6010325551033018 1.1199566125869753 -2.1111345291137691 0.92810630798339855 0.0243004160001874 -1.0000000180025095e-35
decision_type=2 2 2 2 2 2 2 2 2 2 2 2 2 2 2 2 2 2 2 2 2 2 2 2 2 2 2 2 2 2
left_child=9 2 10 26 11 6 18 -6 13 -1 20 -5 27 -8 -10 17 -17 -12 25 -20 22 -22 -2 24 -11 -3 29 -7 -26 -4
right_child=1 5 3 4 7 12 8 -9 14 23 15 -13 -14 -15 -16 16 -18 -19 19 -21 21 -23 -24 -25 28 -27 -28 -29 -30 -31
leaf_value=-1.4824750896616529e-05 0.00037220488352868305 0 -0.00073427476724730956 -7.0681836472435042e-05 -0.00013299702023052614 0.00028692328703337403 -0.00020372798192995766 -0.00062798173259447207 0.00083148377829486133 0.0023570079519302806 -1.118666099045087e-05 0.00028622854882270915 -0.0014956393883913518 -0.0017634346815357785 0.00025262503738850362 0.0011884654555498833 0.00019701011259337189 0.00020050124864944398 0.0022234303725563085 0.00033046101543405463 -0.00026591820099178379 -0.0016062676336694262 -0.00011198311470048224 0.0026577988982911739 0.00046670112114498931 0.0010006481813661203 -0.0021674779862711751 -0.00040759372474037268 0.0014003565654000646 -0.0016204491914754756
leaf_weight=33 113 21 23 1672 678 28 71 912 152 21 1511 752 42 25 652 64 150 1653 52 25 377 31 635 23 22 29 32 21 27 41
leaf_count=33 113 21 23 1672 678 28 71 912 152 21 1511 752 42 25 652 64 150 1653 52 25 377 31 635 23 22 29 32 21 27 41
internal_value=0 -1.66689e-05 -5.64233e-05 -0.000177313 -0.000141591 0.000288451 0.000378196 -0.000418496 0.000255544 0.00129756 5.26111e-05 3.90151e-05 -0.000696576 -0.000636636 0.000365215 0.000125137 0.000505408 9.86189e-05 0.00122726 0.00164189 -0.000157153 -0.00037407 -3.54751e-05 0.00178987 0.00146732 0.000537783 -0.00164406 0 0.00103304 -0.00134183
internal_weight=9888 9762 8644 4110 4014 1118 1027 1590 900 126 4534 2424 91 96 804 3378 214 3164 127 77 1156 408 748 93 70 50 96 49 49 64
internal_count=9888 9762 8644 4110 4014 1118 1027 1590 900 126 4534 2424 91 96 804 3378 214 3164 127 77 1156 408 748 93 70 50 96 49 49 64
is_linear=0
shrinkage=0.05


Tree=4
num_leaves=31
num_cat=0
split_feature=1 5 4 4 5 14 3 4 4 5 0 4 4 14 3 10 1 2 9 14 14 9 4 9 6 6 6 7 5 1
split_gain=0.0778612 0.0425594 0.0412867 0.0763958 0.0743968 0.0354381 0.037341 0.0312732 0.0305383 0.0249221 0.0249009 0.0180103 0.01247 0.01947 0.014068 0.0117233 0.0149764 0.0126265 0.011402 0.018774 0.0105321 0.0173926 0.0082225 0.00538092 0.0126563 0.00408722 0.00269482 0.00209655 0.0020812 0.0016398
threshold=-2.9991348981857295 1.3572941422462466 -1.0000000180025095e-35 1.0000000180025095e-35 -0.42663897573947901 1.7118610143661501 -0.67429617047309864 2.99946141242981 0.48008736968040472 -0.43444196879863733 -0.29548272490501398 1.2400761842727663 0.69842323660850536 -0.17627727240324018 0.4904769510030747 1.0000000180025095e-35 0.097489714622497572 9.8221775260753943e-05 1.0000000180025095e-35 -0.023432109504938122 -0.16826807707548139 -1.0000000180025095e-35 -0.19961813837289807 1.0000000180025095e-35 1.1994026303291323 0.10701898112893106 1.0454419255256655 0.92810630798339855 -2.1111345291137691 -1.0000000180025095e-35
decision_type=2 2 2 2 2 2 2 2 2 2 2 2 2 2 2 2 2 2 2 2 2 2 2 2 2 2 2 2 2 2
left_child=7 2 9 28 10 6 18 -1 -6 20 -5 27 13 -8 -14 17 -17 -11 19 -3 22 -22 -2 24 25 -9 -13 -7 29 -4
right_child=1 5 3 4 8 11 12 23 -10 15 -12 26 14 -15 -16 16 -18 -19 -20 -21 21 -23 -24 -25 -26 -27 -28 -29 -30 -31
leaf_value=-1.4084634059721688e-05 -0.00010198158832778548 0.00017646805217021259 -0.00069764066056233239 -8.6257233112332386e-05 -0.0001109172316620851 0.00027260270871142336 0.00026915228110576561 0.0012831479385089631 -0.00049249968032147816 -8.9194218154620613e-06 0.00028189993211503989 -0.00075978013326703092 -0.00031725087749182517 0.0011648332036621769 0.00030689436775909655 0.0011290886062055618 0.00018716290539681958 0.00019024143048621261 0.00021260805294760654 0.001861968393326802 0.00010528911903643353 -0.0005740458536536929 0.0003704827471231389 0.0025251973274925525 0.0024216338945653717 0.00017396897138948077 -0.0019055420909786507 -0.00038726241444652314 -0.0020592731479613488 -0.0015395254224264286
leaf_weight=33 657 26 23 892 933 28 465 26 1258 1499 931 20 169 73 193 64 150 1643 30 71 133 282 106 23 23 21 22 21 32 41
leaf_count=33 657 26 23 892 933 28 465 26 1258 1499 931 20 169 73 193 64 150 1643 30 71 133 282 106 23 23 21 22 21 32 41
internal_value=0 -1.58731e-05 -5.36614e-05 -0.000168572 -0.000134543 0.000274046 0.000359431 0.0012348 -0.000331157 4.9953e-05 0.000100391 -0.000661792 0.000242625 0.000395429 8.60295e-06 0.000119816 0.000480738 9.44306e-05 0.00116709 0.00143627 -0.000146953 -0.000350321 -3.3048e-05 0.00170459 0.00139767 0.000841404 -0.00142095 0 -0.00156458 -0.00127679
internal_weight=9888 9762 8644 4110 4014 1118 1027 126 2191 4534 1823 91 900 538 362 3356 214 3142 127 97 1178 415 763 93 70 47 42 49 96 64
internal_count=9888 9762 8644 4110 4014 1118 1027 126 2191 4534 1823 91 900 538 362 3356 214 3142 127 97 1178 415 763 93 70 47 42 49 96 64
is_linear=0
shrinkage=0.05


Tree=5
num_leaves=31
num_cat=0
split_feature=1 12 9 9 9 4 1 9 13 1 4 1 4 4 13 14 3 4 13 2 1 3 14 3 4 7 7 0 0 9
split_gain=0.0705182 0.0409576 0.0924315 0.0895881 0.0493548 0.0457412 0.0381751 0.0350258 0.034209 0.0489714 0.0328037 0.0475115 0.030164 0.0284815 0.0270825 0.0300074 0.0268045 0.024965 0.0226385 0.0461887 0.0291044 0.0292903 0.0289319 0.0164891 0.0149149 0.0109799 0.00873449 0.00726801 0.00655063 0.00463743
threshold=-2.9991348981857295 1.0000000180025095e-35 -1.0000000180025095e-35 1.0000000180025095e-35 1.0000000180025095e-35 2.7271608114242558 1.1789829134941103 -1.0000000180025095e-35 -1.6642934679985044 2.6588313579559331 2.6475777626037602 -1.3622161746025083 0.65089631080627453 2.99946141242981 0.12683954089879992 -0.4796005487442016 -0.6745983064174651 1.0357407331466677 -0.014858318958431481 0.00040310318581759935 -1.6883130073547361 2.998984813690186 1.5607388615608218 -0.67441317439079274 -0.55303302407264698 0.57039490342140209 -0.24048948287963864 -1.7882139086723325 1.0868588685989382 1.0000000180025095e-35
decision_type=2 2 2 2 2 2 2 2 2 2 2 2 2 2 2 2 2 2 2 2 2 2 2 2 2 2 2 2 2 2
left_child=13 4 6 10 7 16 25 14 12 -10 11 -4 -9 -1 15 -2 -5 -16 19 22 21 -20 -6 -21 -22 27 -12 -3 -8 -15
right_child=1 2 3 5 18 -7 28 8 9 -11 26 -13 -14 29 17 -17 -18 -19 20 23 24 -23 -24 -25 -26 -27 -28 -29 -30 -31
leaf_value=-1.338149361740713e-05 8.6610905267181678e-05 -0.00018741908129687576 -0.0022058128980299474 0.0010045883831892905 -0.00079577026638332372 -0.0022176602233978295 -0.0015500224168858957 -6.2430141026421322e-06 0.00017533257193918164 0.0011200986255291681 -0.00065620915938086782 -0.00089364474399451039 -0.00097687292522673956 0.0013314928274985927 2.8260443289697071e-05 -0.00045867732616618022 -0.0001416461721955298 0.0009876995622183206 0.0023698586652691135 0.0010623943424852686 0.00025216528186446709 -8.3759991554287891e-05 0.001052716784643766 -9.5106011953074348e-05 -0.00022082377148128216 -0.00045423245216558535 0.00038314845526974366 0.00051983951288864499 -0.00026640126572654676 0.0023992112298332428
leaf_weight=33 397 34 98 56 462 25 28 321 4186 143 38 280 109 70 403 661 551 83 25 33 232 20 21 437 569 32 41 453 24 23
leaf_count=33 397 34 98 56 462 25 28 321 4186 143 38 280 109 70 403 661 551 83 25 33 232 20 21 437 569 32 41 453 24 23
internal_value=0 -1.50673e-05 -0.000241497 -0.000512451 3.10179e-05 -0.000122299 0.000270884 9.72145e-05 0.00016456 0.000207131 -0.00104646 -0.0012407 -0.000258185 0.00117517 -0.000108741 -0.000251708 -3.17057e-05 0.000197344 -0.000199516 -0.000366696 -8.22557e-06 0.00122498 -0.000710125 -8.41176e-06 -8.07001e-05 0.000403764 -8.5269e-05 0.000465315 -0.00100644 0.00162357
internal_weight=9888 9762 1660 1089 8102 632 571 6303 4759 4329 457 378 430 126 1544 1058 607 486 1799 953 846 45 483 470 801 519 79 487 52 93
internal_count=9888 9762 1660 1089 8102 632 571 6303 4759 4329 457 378 430 126 1544 1058 607 486 1799 953 846 45 483 470 801 519 79 487 52 93
is_linear=0
shrinkage=0.05


Tree=6
num_leaves=31
num_cat=0
split_feature=1 5 4 4 5 13 3 13 14 4 5 4 4 3 4 9 14 5 2 14 5 13 9 6 13 1 5 1 7 9
split_gain=0.0636553 0.0372182 0.0360616 0.0634918 0.0634669 0.0327361 0.029946 0.0309594 0.0295231 0.025862 0.0233743 0.0232268 0.0200439 0.0150017 0.0256553 0.0147372 0.0124962 0.00945054 0.00823592 0.0186702 0.0104749 0.00714948 0.00403376 0.0113774 0.00418568 0.00253656 0.00188639 0.00211012 0.00154289 0.00147346
threshold=-2.9991348981857295 1.5421978235244753 -1.0000000180025095e-35 1.0000000180025095e-35 -0.42663897573947901 0.19993011653423312 -0.67429617047309864 -1.6642934679985044 0.06554750353097917 2.99946141242981 -0.43444196879863733 1.6896338462829592 1.2400761842727663 -0.67452010512351979 1.3771130442619326 1.0000000180025095e-35 0.38552959263324743 -1.8246222734451292 -7.8190165368141593e-05 -1.0000000180025095e-35 -0.40679936110973353 -0.61008828878402699 1.0000000180025095e-35 1.1994026303291323 0.13074208050966266 0.59171214699745189 -2.1111345291137691 -1.0000000180025095e-35 0.89401990175247203 1.0000000180025095e-35
decision_type=2 2 2 2 2 2 2 2 2 2 2 2 2 2 2 2 2 2 2 2 2 2 2 2 2 2 2 2 2 2
left_child=9 2 10 26 11 6 13 16 -6 -1 17 -5 25 -3 -15 -9 -8 -2 19 -12 -20 -19 23 24 -11 -7 27 -4 -27 -14
right_child=1 5 3 4 8 12 7 15 -10 22 18 -13 29 14 -16 -17 -18 21 20 -21 -22 -23 -24 -25 -26 28 -28 -29 -30 -31
leaf_value=-1.2713431348283062e-05 0.00069181658821572758 0.00013667857640864409 -0.00055562924005802313 -2.5004361179054404e-06 0 0.00055769867286378728 -0.00011381584517151694 0.00065749035172201907 -0.00039977561982523514 0.0013156951240210462 -6.4424668631565878e-05 0.00040426748559530955 -0.00057061067412193963 0.0029998536565584571 0.00092428364058049807 -7.2114407256106671e-06 -0.0015523515098754502 0.00011749989246272036 0.0013395905521398693 0.00036644333743615361 0.0001709420928818965 -0.00021990070184333186 0.0022795109928801754 0.0022343846444048614 0.00021177802904975528 0.00028624549317010119 -0.0018930546386627259 -0.0014180150319624751 -0.00011716530928874715 -0.0014764338245770881
leaf_weight=33 32 26 23 1355 636 20 57 337 1714 20 1170 468 20 25 51 101 23 177 20 319 1961 969 23 23 27 27 32 41 132 26
leaf_count=33 32 26 23 1355 636 20 57 337 1714 20 1170 468 20 25 51 101 23 177 20 319 1961 969 23 23 27 27 32 41 132 26
internal_value=0 -1.43529e-05 -4.46516e-05 -0.000149719 -0.000119809 0.000302404 0.000491081 0.000330284 -0.000291824 0.00111649 5.13118e-05 0.000100562 -0.000206393 0.00128262 0.00164143 0.000498524 -0.000559337 -0.000140163 0.000117035 2.62138e-05 0.000184036 -0.000165605 0.00154383 0.00126497 0.000735564 1.92858e-05 -0.0014231 -0.0011478 -3.28748e-05 -0.00113793
internal_weight=9888 9762 8917 4269 4173 845 620 518 2350 126 4648 1823 225 102 76 438 80 1178 3470 1489 1981 1146 93 70 47 179 96 64 159 46
internal_count=9888 9762 8917 4269 4173 845 620 518 2350 126 4648 1823 225 102 76 438 80 1178 3470 1489 1981 1146 93 70 47 179 96 64 159 46
is_linear=0
shrinkage=0.05


end of trees

feature_importances:
Column_4=36
Column_5=31
Column_14=26
Column_9=20
Column_1=19
Column_13=16
Column_3=14
Column_0=12
Column_7=10
Column_6=9
Column_2=5
Column_10=3
Column_8=1
Column_12=1

parameters:
[boosting: gbdt]
[objective: regression]
[metric: l2]
[tree_learner: serial]
[device_type: cpu]
[data_sample_strategy: bagging]
[data: ]
[valid: ]
[num_iterations: 1000]
[learning_rate: 0.05]
[num_leaves: 31]
[num_threads: 2]
[seed: 0]
[deterministic: 0]
[force_col_wise: 0]
[force_row_wise: 0]
[histogram_pool_size: -1]
[max_depth: 6]
[min_data_in_leaf: 20]
[min_sum_hessian_in_leaf: 0.001]
[bagging_fraction: 0.85]
[pos_bagging_fraction: 1]
[neg_bagging_fraction: 1]
[bagging_freq: 0]
[bagging_seed: 3]
[bagging_by_query: 0]
[feature_fraction: 0.85]
[feature_fraction_bynode: 1]
[feature_fraction_seed: 2]
[extra_trees: 0]
[extra_seed: 6]
[early_stopping_round: 0]
[early_stopping_min_delta: 0]
[first_metric_only: 0]
[max_delta_step: 0]
[lambda_l1: 0.05]
[lambda_l2: 0.05]
[linear_lambda: 0]
[min_gain_to_split: 0]
[drop_rate: 0.1]
[max_drop: 50]
[skip_drop: 0.5]
[xgboost_dart_mode: 0]
[uniform_drop: 0]
[drop_seed: 4]
[top_rate: 0.2]
[other_rate: 0.1]
[min_data_per_group: 100]
[max_cat_threshold: 32]
[cat_l2: 10]
[cat_smooth: 10]
[max_cat_to_onehot: 4]
[top_k: 20]
[monotone_constraints: ]
[monotone_constraints_method: basic]
[monotone_penalty: 0]
[feature_contri: ]
[forcedsplits_filename: ]
[refit_decay_rate: 0.9]
[cegb_tradeoff: 1]
[cegb_penalty_split: 0]
[cegb_penalty_feature_lazy: ]
[cegb_penalty_feature_coupled: ]
[path_smooth: 0]
[interaction_constraints: ]
[verbosity: -1]
[saved_feature_importance_type: 0]
[use_quantized_grad: 0]
[num_grad_quant_bins: 4]
[quant_train_renew_leaf: 0]
[stochastic_rounding: 1]
[linear_tree: 0]
[max_bin: 255]
[max_bin_by_feature: ]
[min_data_in_bin: 3]
[bin_construct_sample_cnt: 200000]
[data_random_seed: 1]
[is_enable_sparse: 1]
[enable_bundle: 1]
[use_missing: 1]
[zero_as_missing: 0]
[feature_pre_filter: 1]
[pre_partition: 0]
[two_round: 0]
[header: 0]
[label_column: ]
[weight_column: ]
[group_column: ]
[ignore_column: ]
[categorical_feature: ]
[forcedbins_filename: ]
[precise_float_parser: 0]
[parser_config_file: ]
[objective_seed: 5]
[num_class: 1]
[is_unbalance: 0]
[scale_pos_weight: 1]
[sigmoid: 1]
[boost_from_average: 1]
[reg_sqrt: 0]
[alpha: 0.9]
[fair_c: 1]
[poisson_max_delta_step: 0.7]
[tweedie_variance_power: 1.5]
[lambdarank_truncation_level: 30]
[lambdarank_norm: 1]
[label_gain: ]
[lambdarank_position_bias_regularization: 0]
[eval_at: ]
[multi_error_top_k: 1]
[auc_mu_weights: ]
[num_machines: 1]
[local_listen_port: 12400]
[time_out: 120]
[machine_list_filename: ]
[machines: ]
[gpu_platform_id: -1]
[gpu_device_id: -1]
[gpu_use_dp: 0]
[num_gpu: 1]

end of parameters

pandas_categorical:null
